ground_plane:
    normal: [0.029948492330135315, -0.9979217690241605, 0.05705462921483262]
    distance: 0.650077338973
